2147483647C
0 0
12794 1
37715 1
27683 1
62049 1
5269 1
70201 1
77474 1
68151 1
33481 1
69049 1
1726 1
76211 1
21694 1
21676 1
49227 1
30924 1
69544 1
58408 1
128976 1
31879 1
38034 1
67794 1
38283 1
81893 1
69176 1
72324 1
73532 1
605512 1
601349 1
88301 1
27606 1
5389 1
70831 1
72328 1
72328 1
3029 1
12999 1
46840 1
72984 1
56314 1
623669 1
223128 1
33598 1
67695 1
59970 1
70678 1
31421 1
36139 1
85941 1
68710 1
86945 1
2175 1
31728 1
3447 1
60761 1
585125 1
71990 1
67630 1
33227 1
601078 1
22110 1
22267 1
56361 1
603676 1
87954 1
67418 1
56368 1
30230 1
67192 1
68636 1
67830 1
25867 1
35678 1
61324 1
6833 1
10032 1
62010 1
13091 1
13094 1
10769 1
44410 1
47712 1
45077 1
40286 1
34130 1
41898 1
43025 1
6942 1
39487 1
38748 1
26651 1
27098 1
50011 1
7776 1
12452 1
38875 1
58858 1
88909 1
39970 1
38633 1
49953 1
33952 1
50815 1
95248 1
51780 1
34509 1
37929 1
10569 1
9458 1
37607 1
49599 1
62287 1
48397 1
48224 1
58040 1
74800 1
70781 1
48578 1
48618 1
48561 1
53959 1
73949 1
67285 1
67550 1
55820 1
70036 1
63249 1
63113 1
27138 1
63224 1
63223 1
60545 1
64921 1
70398 1
59427 1
62896 1
60670 1
66640 1
62576 1
63366 1
251818 1
60195 1
77622 1
230856 1
618587 1
53712 1
70456 1
58719 1
63808 1
621441 1
17258724 1
61511 1
624035 1
69865 1
19486 1
72992 1
53356 1
19487 1
57386 1
62347 1
57963 1
62810 1
62810 1
19637 1
50252 1
61723 1
67515 1
19680 1
63443 1
63112 1
60049 1
58956 1
54620 1
70820 1
56339 1
58195 1
60211 1
75539 1
59979 1
