2147483647C
7077503 2184
3165 1
3183 1
3187 1
5328 1
3191 1
3187 1
3135 1
3165 1
5453 1
3206 1
3187 1
3171 1
3134 1
3127 1
3148 1
3163 1
5547 1
5451 1
3174 1
3125 1
3178 1
3145 1
3132 1
3182 1
3148 1
3159 1
3176 1
3203 1
3164 1
3589 1
3593 1
3149 1
3144 1
3190 1
3658 1
3177 1
3163 1
3175 1
3139 1
3155 1
3143 1
3164 1
3162 1
3187 1
3249 1
3177 1
3186 1
3126 1
3161 1
3157 1
3144 1
3159 1
3146 1
3150 1
3191 1
3163 1
3156 1
3138 1
3151 1
3151 1
3148 1
3190 1
3754 1
3587 1
3562 1
3155 1
3173 1
3126 1
3142 1
3126 1
3147 1
5176 1
3160 1
3460 1
3180 1
3177 1
3206 1
3429 1
3161 1
3193 1
3158 1
3215 1
3163 1
3174 1
5566 1
5189 1
3166 1
3171 1
3165 1
3167 1
3146 1
3369 1
3137 1
3107 1
3138 1
4006 1
3186 1
3159 1
3172 1
3164 1
3092 1
3168 1
3359 1
3367 1
3183 1
5898 1
3173 1
5324 1
3175 1
3149 1
3164 1
3110 1
4756 1
3156 1
5455 1
3172 1
3156 1
3689 1
3179 1
3164 1
3532 1
5200 1
3190 1
3187 1
3157 1
4158 1
3149 1
3171 1
3187 1
3143 1
3097 1
3152 1
3155 1
3127 1
3189 1
3205 1
3175 1
3163 1
3185 1
3166 1
3148 1
6389 1
3159 1
3080 1
4460 1
3155 1
3849 1
3964 1
3161 1
3539 1
3165 1
3138 1
3157 1
3172 1
3199 1
3187 1
5185 1
4731 1
3148 1
3166 1
3177 1
3180 1
3162 1
5980 1
3127 1
5240 1
3160 1
3543 1
3104 1
3181 1
3166 1
4705 1
3210 1
3346 1
3176 1
3296 1
3201 1
3186 1
3625 1
3213 1
3205 1
3160 1
3158 1
3138 1
3940 1
3960 1
3159 1
3155 1
3163 1
5433 1
5321 1
3177 1
3809 1
3181 1
3166 1
3177 1
5448 1
3150 1
3153 1
5306 1
3511 1
3170 1
3179 1
3173 1
3176 1
3115 1
3131 1
3189 1
3115 1
3628 1
3183 1
5381 1
3169 1
3147 1
3986 1
3151 1
3163 1
5346 1
3151 1
3173 1
3159 1
3184 1
3159 1
5119 1
3136 1
3164 1
3195 1
3196 1
3150 1
3162 1
3159 1
3181 1
3132 1
3147 1
3150 1
3166 1
3189 1
3175 1
3203 1
3531 1
3185 1
3154 1
3166 1
3155 1
3174 1
3167 1
3140 1
3130 1
3102 1
3134 1
3152 1
3186 1
3171 1
3172 1
3185 1
3457 1
3543 1
3685 1
3341 1
4231 1
3755 1
3483 1
3635 1
3225 1
3484 1
3500 1
5576 1
3427 1
3513 1
3323 1
3512 1
5974 1
3483 1
3133 1
5454 1
4717 1
4000 1
5390 1
5183 1
3456 1
3590 1
3913 1
5417 1
3109 1
4145 1
5127 1
3894 1
5300 1
5999 1
3588 1
3108 1
3718 1
3082 1
5385 1
3290 1
5991 1
5557 1
3840 1
3527 1
3536 1
3289 1
3089 1
7305 1
3506 1
3059 1
3288 1
3158 1
3099 1
3162 1
3156 1
3118 1
3513 1
3633 1
3092 1
3104 1
3375 1
5981 1
5376 1
5325 1
3363 1
3980 1
5199 1
5461 1
3084 1
4222 1
4197 1
4406 1
4002 1
3102 1
4770 1
6016 1
3568 1
3093 1
3211 1
5485 1
5232 1
3384 1
3756 1
4809 1
3219 1
3092 1
3080 1
3104 1
3538 1
5247 1
3542 1
4291 1
3485 1
3946 1
3363 1
3450 1
