2147483647C
276140230 4451
8906 1
32298 1
53716 1
27159 1
50642 1
61355 1
103579 1
43656 1
65217 1
90212 1
50299 1
8720 1
62945 1
118099 1
55938 1
70460 1
104794 1
57220 1
51590 1
56738 1
54018 1
64434 1
92129 1
58725 1
63812 1
53325 1
117452 1
61676 1
52125 1
55928 1
66136 1
57225 1
17258945 1
8719 1
148006 1
102033 1
166653 1
36618 1
97511 1
54025 1
148111 1
55687 1
54691 1
61494 1
77933 1
57381 1
131642 1
69380 1
101880 1
52138 1
69859 1
90488 1
54183 1
104272 1
10501 1
93367 1
56898 1
67921 1
44305 1
8714 1
63245 1
26427 1
15131 1
99988 1
67597 1
78156 1
54746 1
22899 1
26434 1
23172 1
93694 1
53364 1
15094 1
37077 1
20794 1
54742 1
37437 1
61055 1
22612 1
22868 1
27487 1
15539 1
73548 1
8720 1
13416 1
91218 1
90475 1
57392 1
84797 1
23148 1
75902 1
20109 1
22043 1
10834 1
62353 1
26575 1
91202 1
62903 1
37878 1
53662 1
67935 1
91168 1
67767 1
26576 1
102988 1
76434 1
26659 1
17714 1
57969 1
92492 1
75687 1
62837 1
82707 1
48308 1
61672 1
26714 1
52214 1
47374 1
12537 1
8717 1
50258 1
7096 1
82781 1
6396 1
10747 1
23067 1
76066 1
53715 1
78762 1
26066 1
45679 1
6089 1
8345 1
6584 1
6456 1
26414 1
61739 1
37403 1
26408 1
67923 1
61502 1
8873 1
8717 1
41628 1
22270 1
36189 1
63472 1
40802 1
70060 1
18964 1
6643 1
8300 1
22242 1
8280 1
6622 1
6080 1
18968 1
6030 1
21062 1
67784 1
8591 1
5967 1
19656 1
18172 1
6316 1
46818 1
82054 1
48534 1
67935 1
8707 1
91945 1
36407 1
63130 1
47158 1
58886 1
60055 1
60118 1
45268 1
27926 1
101728 1
13441 1
58950 1
36845 1
64974 1
26792 1
8717 1
54625 1
39957 1
70826 1
11231 1
96595 1
11525 1
97971 1
104130 1
41514 1
56345 1
25962 1
22832 1
27265 1
74887 1
15250 1
26255 1
54567 1
17055 1
56334 1
58201 1
23877 1
16142 1
112214 1
25666 1
60230 1
22700 1
59898 1
60495 1
72065 1
8711 1
91603 1
44885 1
59960 1
75545 1
112604 1
92331 1
72239 1
64964 1
23297 1
45042 1
70383 1
53788 1
112705 1
8723 1
43386 1
59989 1
84559 1
82009 1
27613 1
24586 1
47280 1
62008 1
70629 1
24010 1
50932 1
28320 1
1654 1
1649 1
1692 1
133022 1
73247 1
30940 1
11586 1
1655 1
1696 1
1715 1
1693 1
