2147483647C
1159371539 7915
27093 1
101242 1
12537 1
99397 1
83476 1
284493 1
86468 1
29426 1
8717 1
32459 1
456027 1
99824 1
52148 1
20552 1
19637 1
19708 1
1105125 1
50258 1
50252 1
7093 1
7096 1
22380 1
51881 1
82781 1
28274 1
6473 1
6396 1
50178 1
27265 1
10747 1
23067 1
47639 1
27338 1
76066 1
569352 1
1496929 1
736476 1
28249 1
468685 1
14654 1
120994 1
30332 1
53715 1
27901 1
78762 1
27556 1
51939 1
26194 1
26066 1
25427 1
40399 1
56911 1
45679 1
25404 1
12441 1
6260 1
6089 1
8397 1
8345 1
6809 1
6584 1
6456 1
6536 1
1063161 1
33130 1
12664 1
114785 1
27577 1
25695 1
25362 1
26920 1
25666 1
25673 1
12775 1
4059 1
50060 1
88739 1
26414 1
61739 1
61723 1
27713 1
88406 1
14958 1
37403 1
29863 1
26408 1
44131 1
89881 1
67923 1
61502 1
6104 1
67515 1
67555 1
51909 1
8873 1
21405 1
8717 1
920321 1
39744 1
11111 1
41628 1
22270 1
36189 1
16891 1
12423 1
96807 1
114446 1
35972 1
10147 1
4755 1
19680 1
19791 1
18273 1
88561 1
63443 1
63472 1
40802 1
51921 1
70060 1
39088 1
41284 1
17356 1
18274 1
18964 1
6664 1
6643 1
8300 1
8399 1
22242 1
8340 1
8280 1
6546 1
6622 1
6553 1
6080 1
6165 1
6500 1
29201 1
18968 1
19021 1
6030 1
47949 1
1185529 1
88723 1
21062 1
67784 1
8691 1
8591 1
5967 1
18868 1
19982 1
19656 1
90699 1
18172 1
18299 1
6316 1
6552 1
29928 1
51911 1
46818 1
96536 1
40347 1
82054 1
48534 1
39846 1
67935 1
8707 1
91945 1
63112 1
36407 1
63130 1
32884 1
139580 1
68379 1
4216 1
715101 1
88934 1
6843 1
57436 1
47158 1
30842 1
109671 1
60049 1
58886 1
52011 1
37255 1
52656 1
60055 1
39867 1
7291 1
60118 1
45268 1
25587 1
56359 1
29881 1
4554 1
9863 1
21623 1
88682 1
27926 1
86042 1
56533 1
20858 1
111157 1
101728 1
3009 1
446926 1
11446 1
14993 1
47977 1
52033 1
43270 1
7292 1
13441 1
3654 1
11322 1
4667 1
58950 1
58956 1
23371 1
36845 1
40001 1
6843 1
64974 1
75947 1
26792 1
8717 1
17095 1
27531 1
6697 1
25842 1
54620 1
25578 1
27794 1
25525 1
26750 1
28059 1
56804 1
54625 1
88691 1
39957 1
70826 1
70820 1
11231 1
96595 1
29256 1
109228 1
11525 1
97971 1
104130 1
41514 1
25611 1
25503 1
25134 1
41333 1
52090 1
32418 1
4919 1
56345 1
56339 1
25962 1
39440 1
22832 1
27265 1
74887 1
15250 1
25457 1
26255 1
54567 1
17055 1
26196 1
56334 1
115301 1
26628 1
25236 1
58201 1
58195 1
27325 1
23877 1
25291 1
30783 1
16142 1
112214 1
5540 1
32414 1
21916 1
88656 1
25666 1
12649 1
60211 1
60230 1
439892 1
30875 1
52058 1
22700 1
59898 1
60495 1
15928 1
4198 1
428530 1
4963 1
40057 1
72065 1
343750 1
60884 1
43260 1
30048 1
8711 1
91603 1
44885 1
8044 1
29417 1
59960 1
363660 1
2738 1
75331 1
530347 1
1578587 1
9792 1
75539 1
75545 1
112604 1
98580 1
92331 1
7012 1
1740911 1
33040 1
86366 1
26367 1
101881 1
51956 1
72239 1
4901 1
37198 1
62050 1
7448 1
64964 1
23297 1
27429 1
45042 1
5473 1
4990 1
27662 1
70383 1
41693 1
48469 1
24675 1
4997 1
53788 1
112705 1
8723 1
1735 1
26393 1
1201582 1
25598 1
25727 1
374453 1
10530 1
464353 1
56841 1
43386 1
32922 1
59989 1
91006 1
30523 1
25245 1
7483 1
84559 1
59979 1
111145 1
82009 1
52166 1
6688 1
27613 1
45976 1
24586 1
5027 1
47280 1
62008 1
26638 1
40553 1
70629 1
24997 1
4469 1
871162 1
24010 1
3628 1
50932 1
4435 1
21561 1
4163 1
18106 1
28320 1
25345 1
45703 1
1757 1
1654 1
1649 1
1766 1
1692 1
1397127 1
162244 1
66722 1
81939 1
133022 1
15453 1
73247 1
91994 1
18066 1
1195235 1
-1195235 -1
122318 1
30244 1
40330 1
51940 1
24204 1
30940 1
18449 1
18449 1
1752 1
11586 1
1762 1
1655 1
32324 1
1742 1
1696 1
44619 1
48838 1
63115 1
1715 1
15354 1
21752 1
1772 1
34561 1
47467 1
47471 1
1693 1
1781 1
4990 1
