2147483647C
368310817 1053
47875 1
32836 1
482001 1
9556 1
9581 1
16085 1
8632 1
13078 1
13062 1
7793 1
10218 1
1044739 1
19471 1
45749 1
670427 1
64403 1
10958 1
68770 1
35916 1
5109 1
6648 1
55308 1
25027 1
17226 1
37995 1
225000 1
3519 1
20650 1
19234 1
1635 1
18984 1
510693 1
21075 1
2457 1
297553 1
13440 1
40823 1
48716 1
5114 1
673967 1
253047 1
3117 1
13021 1
10048 1
2929 1
1118911 1
695171 1
529814 1
49630 1
8902 1
83528 1
68721 1
6405 1
11852 1
13683 1
32441 1
4436874 1
8901 1
314920 1
12273 1
504180 1
877438 1
294921 1
1664 1
384926 1
20733 1
313537 1
19733 1
478493 1
437826 1
124005 1
14623 1
7530 1
1085095 1
5339 1
6511 1
60324 1
56523 1
15301 1
832866 1
5655 1
29634 1
264517 1
2417258 1
14140 1
922077 1
41410 1
7274 1
314479 1
593690 1
408503 1
432828 1
4364 1
693994 1
2571 1
1245273 1
822395 1
306277 1
1162957 1
5347 1
61336 1
5520 1
734646 1
950860 1
682073 1
3627 1
967636 1
900987 1
43335 1
138511 1
9788 1
1062090 1
17854 1
3222 1
454165 1
1029652 1
6349 1
8940 1
102153 1
8970 1
61460 1
1338028 1
11227 1
522133 1
522133 1
1374324 1
1763812 1
371778 1
4380 1
758139 1
5203 1
16083 1
7524 1
1550986 1
4045 1
9342 1
34980 1
4038 1
798180 1
1346644 1
501813 1
5235 1
362122 1
405534 1
352090 1
8495 1
653606 1
645759 1
199357 1
35842 1
1720739 1
586674 1
16055 1
986566 1
3893 1
652079 1
632917 1
522806 1
492347 1
181793 1
92025 1
1063071 1
597814 1
46147 1
50063 1
513334 1
5263 1
5298 1
1579153 1
38116 1
68111 1
68111 1
5682 1
4888 1
652682 1
189421 1
5151 1
37148 1
24528 1
295059 1
4851 1
4946 1
4991 1
675556 1
26492 1
11924 1
31136 1
14268 1
20061 1
18651 1
17230 1
4489 1
2615651 1
770962 1
11683 1
59222 1
32654 1
4678 1
41152 1
2017771 1
35100 1
84330 1
103695 1
528891 1
2803 1
1707632 1
5058 1
914471 1
20058 1
18649 1
11340 1
4857 1
98146 1
90030 1
3252 1
73413 1
1874153 1
1536216 1
81682 1
507033 1
109662 1
4668 1
2423742 1
57837 1
21425 1
6568 1
87667 1
566557 1
908273 1
20069 1
18632 1
4443231 1
99237 1
937121 1
727694 1
15738 1
63125 1
24884 1
651130 1
5417 1
24884 1
70396 1
866116 1
11791 1
96644 1
3728 1
67796 1
3714 1
5267 1
100947 1
4239 1
5587 1
63147 1
19971 1
101088 1
9397 1
2988 1
14813 1
63219 1
63662 1
3789 1
8849 1
831106 1
879993 1
101092 1
1303609 1
64078 1
4480 1
5997 1
526328 1
43147 1
798040 1
587479 1
858455 1
62847 1
754358 1
774885 1
6154 1
102629 1
7569 1
7561 1
3871 1
6236 1
3391 1
86189 1
668666 1
398607 1
99240 1
2233179 1
82413 1
361396 1
546762 1
4549 1
99255 1
228383 1
1400706 1
15099 1
32309 1
114316 1
213207 1
891255 1
2696 1
4983 1
66210 1
386088 1
23070 1
4563 1
467790 1
467888 1
3868 1
40202 1
488516 1
8119 1
493570 1
11357 1
9326 1
427609 1
2210 1
391964 1
494461 1
26378 1
88525 1
279859 1
260930 1
12016 1
555832 1
16379 1
11757 1
2237 1
3730 1
12846 1
86497 1
12847 1
86500 1
17405 1
433171 1
4666 1
11867 1
939026 1
7658 1
7646 1
3719727 1
1066573 1
19569 1
31974 1
2951 1
39602 1
4718 1
4628 1
12186 1
589826 1
72990 1
82395 1
20074 1
18640 1
818980 1
11680 1
42245 1
694619 1
39924 1
2799578 1
19582 1
10909 1
7777 1
34577 1
4841 1
1226712 1
20079 1
424604 1
18641 1
824221 1
10437 1
4581 1
97809 1
22599 1
424604 1
8056 1
4602 1
11781 1
4623 1
92122 1
2921 1
4660 1
3322 1
87293 1
11929 1
1094179 1
19636 1
9205 1
15975 1
19166 1
5212 1
101242 1
456039 1
20552 1
19708 1
1105137 1
569364 1
736488 1
468697 1
1063173 1
12664 1
12775 1
4071 1
88739 1
67555 1
920333 1
11111 1
12423 1
10159 1
4755 1
18273 1
17356 1
18274 1
96536 1
139580 1
4216 1
715113 1
30842 1
25587 1
4554 1
9863 1
3009 1
446938 1
47977 1
43270 1
3666 1
4667 1
25842 1
32418 1
4919 1
30783 1
5552 1
439904 1
15928 1
4198 1
428542 1
4963 1
343762 1
8044 1
363672 1
2750 1
530359 1
1578599 1
9792 1
98580 1
7012 1
1740923 1
4901 1
7448 1
48481 1
374465 1
10530 1
464365 1
4481 1
871162 1
3640 1
4435 1
4163 1
18106 1
1397139 1
18449 1
18449 1
15354 1
