524288000S
11896000 2181
6137 1
6152 1
5492 1
4117 1
4746 1
5514 1
5549 1
3446 1
5707 1
4056 1
5493 1
4273 1
5539 1
4272 1
5548 1
5281 1
4724 1
4328 1
7044 1
5548 1
5476 1
5481 1
4255 1
5898 1
4198 1
4195 1
9539 1
4488 1
5497 1
5001 1
5246 1
6592 1
4545 1
2374 1
4286 1
12189 1
4933 1
4532 1
4221 1
4316 1
5349 1
5522 1
4219 1
7478 1
5957 1
3687 1
5525 1
5497 1
4236 1
6885 1
4280 1
5400 1
5077 1
5651 1
6296 1
5540 1
7736 1
5488 1
5472 1
4294 1
7526 1
3715 1
4185 1
4329 1
5034 1
5505 1
4558 1
2589 1
4231 1
4708 1
5850 1
4321 1
4118 1
4174 1
4536 1
5521 1
5455 1
5419 1
4227 1
5504 1
3586 1
5556 1
5789 1
4238 1
5877 1
4223 1
6393 1
5607 1
4171 1
4509 1
4258 1
5521 1
4196 1
4203 1
4233 1
4233 1
4200 1
4191 1
4259 1
5747 1
2577 1
4149 1
4324 1
4486 1
4582 1
3766 1
4352 1
4464 1
4444 1
4445 1
4297 1
4361 1
4421 1
4416 1
4108 1
4549 1
5439 1
3641 1
4448 1
5557 1
4452 1
4426 1
5433 1
4559 1
4415 1
4360 1
4443 1
3986 1
4470 1
4355 1
4105 1
4363 1
4359 1
4412 1
4399 1
4481 1
4493 1
4405 1
4259 1
4357 1
5641 1
4375 1
4499 1
4512 1
3686 1
4368 1
3953 1
4322 1
4408 1
4293 1
4424 1
5398 1
4397 1
5462 1
4451 1
4497 1
76149 1
4599 1
4481 1
5098 1
4009 1
4351 1
5691 1
4411 1
4448 1
4437 1
4459 1
4360 1
4304 1
4440 1
5158 1
4279 1
4108 1
4444 1
4406 1
4462 1
4421 1
4414 1
4360 1
4470 1
4443 1
4354 1
5160 1
5448 1
3713 1
4514 1
4637 1
4351 1
4395 1
4358 1
4408 1
5669 1
4374 1
4375 1
4316 1
4254 1
4500 1
4494 1
4417 1
4369 1
4115 1
5289 1
4419 1
4481 1
4595 1
4415 1
4351 1
4354 1
4461 1
4445 1
4411 1
4303 1
4450 1
4447 1
4447 1
4364 1
4470 1
4635 1
4415 1
4421 1
6007 1
2519 1
4360 1
4464 1
4365 1
4394 1
4632 1
3899 1
3785 1
2507 1
4108 1
4353 1
4380 1
4514 1
4322 1
4412 1
4368 1
4419 1
4457 1
4253 1
4414 1
4501 1
4494 1
4748 1
4293 1
4747 1
4789 1
6031 1
4742 1
5884 1
6058 1
4802 1
6009 1
6010 1
4714 1
6032 1
4845 1
5960 1
5996 1
6235 1
6127 1
4469 1
5973 1
4795 1
5953 1
6095 1
4761 1
5954 1
6062 1
4734 1
4596 1
4772 1
4753 1
6097 1
4452 1
4069 1
4053 1
4057 1
5958 1
4762 1
5492 1
5710 1
4627 1
5231 1
4569 1
4433 1
5884 1
4038 1
3772 1
3838 1
4303 1
3247 1
3857 1
5972 1
6100 1
4051 1
4390 1
6061 1
6055 1
6040 1
3904 1
6197 1
6057 1
4344 1
4019 1
3989 1
3985 1
4216 1
6146 1
4158 1
3236 1
6081 1
4674 1
4034 1
3914 1
6134 1
5961 1
6037 1
5236 1
3305 1
4366 1
4729 1
3922 1
4065 1
4691 1
3871 1
4100 1
4004 1
3681 1
5300 1
4106 1
4081 1
3604 1
3387 1
3999 1
4181 1
4109 1
4763 1
4302 1
4099 1
4157 1
4169 1
4275 1
3641 1
3895 1
4198 1
16045 1
5675 1
4162 1
4306 1
4276 1
4163 1
3636 1
4199 1
4105 1
4203 1
4326 1
3643 1
4203 1
3904 1
3646 1
4310 1
4114 1
4327 1
4026 1
4285 1
4584 1
3595 1
3034 1
3597 1
2845 1
9475 1
2779 1
3302 1
15713 1
3956 1
3350 1
15261 1
2862 1
34623 1
2887 1
3708 1
3370 1
4040 1
2926 1
3092 1
3391 1
15979 1
3826 1
4319 1
3219 1
3594 1
3540 1
32473 1
2951 1
10168 1
3759 1
3524 1
4467 1
6029 1
3437 1
2880 1
3834 1
3384 1
3600 1
3702 1
3495 1
3074 1
115689 1
3773 1
3123 1
2880 1
3519 1
3437 1
2829 1
3833 1
3477 1
3325 1
3407 1
3791 1
2771 1
3802 1
3244 1
3254 1
3256 1
3303 1
3166 1
3255 1
3226 1
3237 1
3230 1
2861 1
3226 1
3230 1
3341 1
3237 1
2837 1
3242 1
3242 1
2853 1
3585 1
3254 1
3234 1
2866 1
2853 1
2846 1
3234 1
3751 1
2849 1
4323 1
3253 1
2849 1
3230 1
2870 1
2836 1
2860 1
2870 1
3236 1
2842 1
3231 1
2845 1
2848 1
3259 1
2874 1
2876 1
3236 1
75832 1
2843 1
3257 1
3257 1
2841 1
3230 1
2864 1
3257 1
3196 1
2869 1
2836 1
2807 1
3285 1
3263 1
3234 1
2866 1
2869 1
2874 1
3234 1
3265 1
3234 1
2832 1
3034 1
3265 1
13451 1
2835 1
3260 1
2870 1
2896 1
2840 1
3125 1
15699 1
3702 1
2876 1
3130 1
3130 1
3147 1
3142 1
3130 1
3107 1
3125 1
3152 1
2565 1
3137 1
3226 1
3125 1
3152 1
2547 1
2577 1
2587 1
2565 1
3785 1
3258 1
3753 1
3268 1
3649 1
3597 1
3123 1
3123 1
3226 1
3123 1
3246 1
2553 1
3220 1
3226 1
3251 1
2970 1
3226 1
3210 1
3803 1
2844 1
2985 1
2993 1
3220 1
2827 1
2837 1
2836 1
3233 1
3233 1
2862 1
2839 1
2832 1
2840 1
3221 1
4496 1
2874 1
3201 1
3228 1
3332 1
2850 1
2792 1
2804 1
2804 1
3227 1
2986 1
3226 1
2836 1
2966 1
2802 1
3223 1
2825 1
3216 1
3227 1
2826 1
2827 1
3204 1
3042 1
3232 1
3199 1
2829 1
3206 1
3042 1
3232 1
3237 1
2802 1
3042 1
3201 1
3232 1
3194 1
2830 1
3201 1
2477 1
3194 1
2809 1
3202 1
3213 1
3194 1
2840 1
3597 1
3179 1
2792 1
3197 1
3179 1
3218 1
2805 1
3204 1
3185 1
9248 1
3394 1
3174 1
2816 1
3204 1
2782 1
3189 1
3204 1
3185 1
3185 1
2802 1
3189 1
2791 1
2774 1
2806 1
2791 1
2771 1
2807 1
3316 1
2817 1
2784 1
2777 1
2776 1
2789 1
2782 1
3887 1
2776 1
2775 1
2780 1
2806 1
2808 1
3611 1
3020 1
2813 1
2535 1
2787 1
2462 1
21932 1
3489 1
2782 1
2545 1
2796 1
4129 1
